res = 4.000000
res = 9.000000
